 15.5346960  54.8317642  15.6571485  36.8319702 AND
 15.6571485  36.8319702   8.5471065  36.8129959 AND
  8.5471065  36.8129959   8.5343175  39.3129807 AND
  8.5343175  39.3129807   4.7294430  39.3070869 AND
  4.7294430  39.3070869   4.7239215  41.3070831 AND
  4.7239215  41.3070831 355.8536325  41.3050652 AND
355.8536325  41.3050652 355.8567210  43.3050652 AND
355.8567210  43.3050652 345.2239230  43.3242455 AND
345.2239230  43.3242455 345.2111325  41.3242607 AND
345.2111325  41.3242607 341.4115920  41.3367310 AND
341.4115920  41.3367310 341.3940960  39.3367653 AND
341.3940960  39.3367653 337.5920640  39.3521233 AND
337.5920640  39.3521233 333.0314760  39.3742561 AND
333.0314760  39.3742561 333.0685605  42.3741570 AND
333.0685605  42.3741570 327.3785085  42.4072495 AND
327.3785085  42.4072495 327.3261990  38.9074173 AND
327.3261990  38.9074173 320.1145215  38.9576263 AND
320.1145215  38.9576263 320.3206590  52.7068443 AND
320.3206590  52.7068443 328.1289090  52.6529160 AND
328.1289090  52.6529160 328.1457495  54.4028625 AND
328.1457495  54.4028625 337.0891650  54.3546638 AND
337.0891650  54.3546638 337.1025735  56.3546295 AND
337.1025735  56.3546295 347.5569360  56.3181038 AND
347.5569360  56.3181038 347.5865085  65.5680676 AND
347.5865085  65.5680676 345.5759355  65.5733757 AND
345.5759355  65.5733757 345.5851845  68.3233624 AND
345.5851845  68.3233624 356.2600785  68.3048077 AND
356.2600785  68.3048077 356.2593555  67.3048077 AND
356.2593555  67.3048077 357.3899835  67.3042412 AND
357.3899835  67.3042412 357.3871575  61.3042412 AND
357.3871575  61.3042412 358.3937835  61.3039646 AND
358.3937835  61.3039646 358.3930230  57.9706345 AND
358.3930230  57.9706345   2.1712590  57.9714966 AND
  2.1712590  57.9714966   2.1719175  57.2214928 AND
  2.1719175  57.2214928   5.9508420  57.2253532 AND
  5.9508420  57.2253532   5.9558205  54.8086891 AND
  5.9558205  54.8086891  15.5346960  54.8317642 AND
218.0956650 114.5425186 218.2284015 127.2920151 ANT
218.2284015 127.2920151 218.2659390 130.2918739 ANT
218.2659390 130.2918739 193.5434955 130.4246216 ANT
193.5434955 130.4246216 193.5206370 125.6746559 ANT
193.5206370 125.6746559 196.0414845 125.6664963 ANT
196.0414845 125.6664963 196.0221150 121.8332005 ANT
196.0221150 121.8332005 199.7986215 121.8185863 ANT
199.7986215 121.8185863 199.7871060 119.8186131 ANT
199.7871060 119.8186131 204.8186730 119.7947845 ANT
204.8186730 119.7947845 204.8006625 117.1281624 ANT
204.8006625 117.1281624 212.3407170 117.0835037 ANT
212.3407170 117.0835037 212.3203185 114.5835705 ANT
212.3203185 114.5835705 218.0956650 114.5425186 ANT
150.8888910 173.1200714  83.1340020 172.4582748 APS
 83.1340020 172.4582748  85.8049395 164.9745178 APS
 85.8049395 164.9745178  86.7199230 157.4800797 APS
 86.7199230 157.4800797  94.2242715 157.5711060 APS
 94.2242715 157.5711060 101.7575175 157.6610870 APS
101.7575175 157.6610870 101.5293210 160.1597443 APS
101.5293210 160.1597443 135.8335590 160.5115433 APS
135.8335590 160.5115433 152.5391295 160.6244431 APS
152.5391295 160.6244431 152.2185660 165.6235962 APS
152.2185660 165.6235962 150.8888910 173.1200714 APS
 50.4011535  89.5638228  50.4201225  87.5639126 AQR
 50.4201225  87.5639126  45.9189030  87.5226815 AQR
 45.9189030  87.5226815  38.4165285  87.4606204 AQR
 38.4165285  87.4606204  36.4157295  87.4455888 AQR
 36.4157295  87.4455888  36.4212510  86.6956091 AQR
 36.4212510  86.6956091  33.4197810  86.6743324 AQR
 33.4197810  86.6743324  33.4129140  87.6743090 AQR
 33.4129140  87.6743090  28.4112450  87.6423881 AQR
 28.4112450  87.6423881  28.4127330  87.3923926 AQR
 28.4127330  87.3923926  17.1577830  87.3377929 AQR
 17.1577830  87.3377929  17.1502875  89.3377789 AQR
 17.1502875  89.3377789  17.1352965  93.3377509 AQR
 17.1352965  93.3377509   0.8977890  93.3042023 AQR
  0.8977890  93.3042023   0.8967015  96.3042021 AQR
  0.8967015  96.3042021   0.8894355 114.8042011 AQR
  0.8894355 114.8042011  13.3190340 114.8250446 AQR
 13.3190340 114.8250446  30.2297115 114.9040413 AQR
 30.2297115 114.9040413  30.3438375  98.4043999 AQR
 30.3438375  98.4043999  38.3315850  98.4602947 AQR
 38.3315850  98.4602947  38.2835490 104.4601107 AQR
 38.2835490 104.4601107  50.2560990 104.5631361 AQR
 50.2560990 104.5631361  50.3153520  98.5634165 AQR
 50.3153520  98.5634165  50.4011535  89.5638228 AQR
 79.6497915  89.8845105  79.6737675  87.8846540 AQL
 79.6737675  87.8846540  75.4235745  87.8340948 AQL
 75.4235745  87.8340948  75.4740150  83.5843925 AQL
 75.4740150  83.5843925  78.5414310  83.6208057 AQL
 78.5414310  83.6208057  78.6119550  77.8712263 AQL
 78.6119550  77.8712263  75.5437380  77.8348036 AQL
 75.5437380  77.8348036  75.6263640  71.3352909 AQL
 75.6263640  71.3352909  73.6245060  71.3117771 AQL
 73.6245060  71.3117771  73.5945225  73.6449318 AQL
 73.5945225  73.6449318  61.0788345  73.5042706 AQL
 61.0788345  73.5042706  61.0740000  73.9209156 AQL
 61.0740000  73.9209156  56.4410025  73.8724842 AQL
 56.4410025  73.8724842  56.3633250  81.1220884 AQL
 56.3633250  81.1220884  53.9860440  81.0981760 AQL
 53.9860440  81.0981760  53.9208990  87.5978532 AQL
 53.9208990  87.5978532  50.4201225  87.5639126 AQL
 50.3153520  98.5634165  58.3063035  98.6430750 AQL
 58.3063035  98.6430750  58.2736305 101.6762342 AQL
 58.2736305 101.6762342  75.2559465 101.8664360 AQL
 75.2559465 101.8664360  75.3527070  93.8336766 AQL
 75.3527070  93.8336766  79.6018125  93.8842230 AQL
 79.6018125  93.8842230  79.6497915  89.8845105 AQL
110.9653185 150.2644577 111.4293765 135.7670517 ARA
111.4293765 135.7670517  90.1907160 135.5163460 ARA
 90.1907160 135.5163460  87.6909825 135.4859734 ARA
 87.6909825 135.4859734  87.3277470 146.9837723 ARA
 87.3277470 146.9837723  94.8318105 147.0747757 ARA
 94.8318105 147.0747757  94.2242715 157.5711060 ARA
101.7575175 157.6610870 104.2750170 157.6905823 ARA
104.2750170 157.6905823 104.4576075 155.1916428 ARA
104.4576075 155.1916428 105.7164855 155.2062531 ARA
105.7164855 155.2062531 105.8048625 153.7900925 ARA
105.8048625 153.7900925 108.3236790 153.8189964 ARA
108.3236790 153.8189964 108.4621530 151.2364578 ARA
108.4621530 151.2364578 110.9183700 151.2641945 ARA
110.9183700 151.2641945 110.9653185 150.2644577 ARA
328.3347525  79.4856052 333.3442665  79.4567604 ARI
333.3442665  79.4567604 333.2553255  64.3736649 ARI
333.2553255  64.3736649 329.4862890  64.3949299 ARI
329.4862890  64.3949299 329.4693840  62.1449814 ARI
329.4693840  62.1449814 321.9298515  62.1952362 ARI
321.9298515  62.1952362 321.8968065  58.7786846 ARI
321.8968065  58.7786846 317.3716200  58.8134975 ARI
317.3716200  58.8134975 307.5733320  58.8996391 ARI
307.5733320  58.8996391 307.7093775  70.5656662 ARI
307.7093775  70.5656662 308.9627655  70.5538864 ARI
308.9627655  70.5538864 309.0535890  79.6367931 ARI
309.0535890  79.6367931 328.3347525  79.4856052 ARI
290.5130625  59.0781250 290.4261585  53.7452850 AUR
290.4261585  53.7452850 287.5426560  53.7781487 AUR
287.5426560  53.7781487 287.1597150  37.2803535 AUR
287.1597150  37.2803535 282.5152380  37.3344460 AUR
282.5152380  37.3344460 282.3932355  33.8351669 AUR
282.3932355  33.8351669 265.8689115  34.0341911 AUR
265.8689115  34.0341911 265.9426335  36.0337448 AUR
265.9426335  36.0337448 259.9539690  36.1061707 AUR
259.9539690  36.1061707 260.0805405  40.1054115 AUR
260.0805405  40.1054115 255.5936415  40.1589966 AUR
255.5936415  40.1589966 255.7346970  45.6581612 AUR
255.7346970  45.6581612 247.2658755  45.7564507 AUR
247.2658755  45.7564507 247.4392815  54.7554703 AUR
247.4392815  54.7554703 259.9097235  54.6094360 AUR
259.9097235  54.6094360 260.0343420  62.1086884 AUR
260.0343420  62.1086884 269.7789285  61.9907093 AUR
269.7789285  61.9907093 269.7710970  61.4907570 AUR
269.7710970  61.4907570 286.7875245  61.2875595 AUR
286.7875245  61.2875595 286.7646570  59.7876911 AUR
286.7646570  59.7876911 290.5232115  59.7447395 AUR
290.5232115  59.7447395 290.5130625  59.0781250 AUR
132.2185140  82.4746070 155.9361510  82.6394229 BOO
155.9361510  82.6394229 155.9710695  75.6395063 BOO
155.9710695  75.6395063 156.0461280  62.1396866 BOO
156.0461280  62.1396866 149.2111725  62.1023483 BOO
149.2111725  62.1023483 149.2291410  59.8524036 BOO
149.2291410  59.8524036 148.1110665  59.8454609 BOO
148.1110665  59.8454609 148.3012680  42.0960617 BOO
148.3012680  42.0960617 148.4156085  35.0964241 BOO
148.4156085  35.0964241 142.7487510  35.0577621 BOO
142.7487510  35.0577621 130.4089455  34.9551353 BOO
130.4089455  34.9551353 130.3426260  37.4548264 BOO
130.3426260  37.4548264 122.9155260  37.3825226 BOO
122.9155260  37.3825226 122.8754145  38.8823204 BOO
122.8754145  38.8823204 122.6345730  50.3810921 BOO
122.6345730  50.3810921 127.3563480  50.4278870 BOO
127.3563480  50.4278870 127.2530220  57.4273872 BOO
127.2530220  57.4273872 130.9840815  57.4623222 BOO
130.9840815  57.4623222 130.9004835  64.4619427 BOO
130.9004835  64.4619427 132.3945090  64.4753895 BOO
132.3945090  64.4753895 132.2185140  82.4746070 BOO
294.9235875 129.7007294 295.1176140 138.6996651 CAE
295.1176140 138.6996651 291.6377520 138.7384491 CAE
291.6377520 138.7384491 291.5759040 136.2387962 CAE
291.5759040 136.2387962 286.5979170 136.2959023 CAE
286.5979170 136.2959023 286.5176295 132.7963676 CAE
286.5176295 132.7963676 284.0255565 132.8255501 CAE
284.0255565 132.8255501 283.7450625 117.0772038 CAE
283.7450625 117.0772038 286.2407040 117.0479794 CAE
286.2407040 117.0479794 288.2366685 117.0248775 CAE
288.2366685 117.0248775 288.2775810 119.7746429 CAE
288.2775810 119.7746429 290.0233485 119.7546597 CAE
290.0233485 119.7546597 290.1376245 126.7540054 CAE
290.1376245 126.7540054 294.8701500 126.7010231 CAE
294.8701500 126.7010231 294.9235875 129.7007294 CAE
287.1597150  37.2803535 307.6869135  37.0633926 CAM
307.6869135  37.0633926 307.6180995  34.5637169 CAM
307.6180995  34.5637169 310.1459775  34.5403481 CAM
310.1459775  34.5403481 310.0865040  32.5406151 CAM
310.0865040  32.5406151 311.0990700  32.5315018 CAM
311.0990700  32.5315018 310.6045425  21.5337143 CAM
310.6045425  21.5337143 305.7629655  21.5785599 CAM
305.7629655  21.5785599 304.6912515  12.5836868 CAM
304.6912515  12.5836868 303.2737905  12.5974045 CAM
303.2737905  12.5974045 302.4695100   9.6013336 CAM
302.4695100   9.6013336 279.5111055   9.8521500 CAM
279.5111055   9.8521500 275.4638820   4.8760529 CAM
275.4638820   4.8760529 232.0463850   5.3896255 CAM
232.0463850   5.3896255 229.5972495   3.9024582 CAM
229.5972495   3.9024582 146.9770425   4.0691910 CAM
146.9770425   4.0691910 143.2171440  10.5550156 CAM
143.2171440  10.5550156 156.1908105  10.6370697 CAM
156.1908105  10.6370697 155.8429815  13.6361847 CAM
155.8429815  13.6361847 164.1793875  13.6710892 CAM
164.1793875  13.6710892 185.5652040  13.6915894 CAM
185.5652040  13.6915894 185.4684165  10.6916580 CAM
185.4684165  10.6916580 197.1814020  10.6598206 CAM
197.1814020  10.6598206 196.8945840   8.6603928 CAM
196.8945840   8.6603928 217.8088050   8.5322342 CAM
217.8088050   8.5322342 219.3845265  17.0258636 CAM
219.3845265  17.0258636 236.9137710  16.8616257 CAM
236.9137710  16.8616257 237.8708985  30.3566017 CAM
237.8708985  30.3566017 252.2468025  30.1962738 CAM
252.2468025  30.1962738 252.1484475  28.1968536 CAM
252.1484475  28.1968536 265.5925440  28.0358734 CAM
265.5925440  28.0358734 265.8689115  34.0341911 CAM
219.5957415  83.5299311 237.0786090  83.3697624 CNC
237.0786090  83.3697624 239.4516570  83.3450150 CNC
239.4516570  83.3450150 239.4193275  80.3451862 CNC
239.4193275  80.3451862 241.1675115  80.3265743 CNC
241.1675115  80.3265743 241.1283945  76.8267832 CNC
241.1283945  76.8267832 241.0524555  70.3271923 CNC
241.0524555  70.3271923 239.9298765  70.3391800 CNC
239.9298765  70.3391800 239.8283535  62.3397179 CNC
239.8283535  62.3397179 238.0840305  62.3580856 CNC
238.0840305  62.3580856 238.0067685  56.8584862 CNC
238.0067685  56.8584862 219.3540150  57.0308838 CNC
219.3540150  57.0308838 219.5957415  83.5299311 CNC
178.4054940  56.6960373 178.4085840  45.6960373 CVN
178.4085840  45.6960373 177.1735665  45.6956635 CVN
177.1735665  45.6956635 177.1814775  37.6956635 CVN
177.1814775  37.6956635 156.2576010  37.6401939 CVN
156.2576010  37.6401939 156.2048865  42.1400719 CVN
156.2048865  42.1400719 148.3012680  42.0960617 CVN
156.0461280  62.1396866 159.7734255  62.1562252 CVN
159.7734255  62.1562252 159.7922520  58.6562634 CVN
159.7922520  58.6562634 173.4423060  58.6925659 CVN
173.4423060  58.6925659 173.4457395  56.6925697 CVN
173.4457395  56.6925697 178.4054940  56.6960373 CVN
266.7843750 101.0301533 248.0266005 101.2521448 CMA
248.0266005 101.2521448 248.3228010 123.2504692 CMA
248.3228010 123.2504692 260.0961405 123.1128159 CMA
260.0961405 123.1128159 267.1009320 123.0282326 CMA
267.1009320 123.0282326 267.0074340 117.2787991 CMA
267.0074340 117.2787991 266.7843750 101.0301533 CMA
237.1509930  90.3693900 250.4003340  90.2243290 CMI
250.4003340  90.2243290 250.3830810  88.7244282 CMI
250.3830810  88.7244282 253.1326035  88.6925581 CMI
253.1326035  88.6925581 253.0857255  84.6928320 CMI
253.0857255  84.6928320 253.3356780  84.6899114 CMI
253.3356780  84.6899114 253.2821205  80.1902246 CMI
253.2821205  80.1902246 253.2517725  77.6904020 CMI
253.2517725  77.6904020 245.7589965  77.7761278 CMI
245.7589965  77.7761278 245.7472725  76.7761936 CMI
245.7472725  76.7761936 241.1283945  76.8267832 CMI
237.0786090  83.3697624 237.1509930  90.3693900 CMI
 58.2736305 101.6762342  58.0840305 117.6419144 CAP
 58.0840305 117.6419144  53.1020445 117.5913391 CAP
 53.1020445 117.5913391  38.1683640 117.4596672 CAP
 38.1683640 117.4596672  38.1922245 114.9597607 CAP
 38.1922245 114.9597607  30.2297115 114.9040413 CAP
189.8440785 147.1843452 193.6627440 147.1744423 CAR
193.6627440 147.1744423 226.6763445 146.9739723 CAR
226.6763445 146.9739723 226.6198260 144.9742203 CAR
226.6198260 144.9742203 232.4328810 144.9204712 CAR
232.4328810 144.9204712 232.3907085 143.4206772 CAR
232.3907085 143.4206772 236.6798835 143.3782196 CAR
236.6798835 143.3782196 236.6188710 141.1285286 CAR
236.6188710 141.1285286 239.1383025 141.1025848 CAR
239.1383025 141.1025848 269.2510980 140.7545471 CAR
269.2510980 140.7545471 269.3062950 142.5042114 CAR
269.3062950 142.5042114 266.8056465 142.5345764 CAR
266.8056465 142.5345764 266.8926000 145.0340500 CAR
266.8926000 145.0340500 261.8857245 145.0945587 CAR
261.8857245 145.0945587 262.0049220 148.0938416 CAR
262.0049220 148.0938416 256.9888830 148.1537018 CAR
256.9888830 148.1537018 257.2966860 154.1518784 CAR
257.2966860 154.1518784 223.9052730 154.4990387 CAR
223.9052730 154.4990387 224.7563130 165.4954681 CAR
224.7563130 165.4954681 190.1430270 165.6840134 CAR
190.1430270 165.6840134 189.9151890 154.6842651 CAR
189.9151890 154.6842651 189.8440785 147.1843452 CAR
 15.6571485  36.8319702  15.6959730  33.0820389 CAS
 15.6959730  33.0820389  15.7308765  30.2487679 CAS
 15.7308765  30.2487679  11.1403365  30.2353249 CAS
 11.1403365  30.2353249  11.1835095  26.3187103 CAS
 11.1835095  26.3187103   4.7824290  26.3071213 CAS
  4.7824290  26.3071213   4.8021405  23.3071289 CAS
  4.8021405  23.3071289 353.2362360  23.3075562 CAS
353.2362360  23.3075562 353.0770860  12.3076553 CAS
353.0770860  12.3076553 304.6912515  12.5836868 CAS
311.0990700  32.5315018 321.2376630  32.4487000 CAS
321.2376630  32.4487000 321.1976445  30.9488449 CAS
321.1976445  30.9488449 329.2043745  30.8953896 CAS
329.2043745  30.8953896 329.2263765  31.8953247 CAS
329.2263765  31.8953247 332.4047775  31.8772812 CAS
332.4047775  31.8772812 332.4663585  35.3771172 CAS
332.4663585  35.3771172 337.5439860  35.3522301 CAS
337.5439860  35.3522301 337.5920640  39.3521233 CAS
193.5434955 130.4246216 193.6627440 147.1744423 CEN
189.9151890 154.6842651 180.9426360 154.6957855 CEN
180.9426360 154.6957855 180.9292320 145.6957932 CEN
180.9292320 145.6957932 165.6654885 145.6771049 CEN
165.6654885 145.6771049 165.5616195 154.6769638 CEN
165.5616195 154.6769638 155.3197140 154.6379395 CEN
155.3197140 154.6379395 139.4850255 154.5390244 CEN
139.4850255 154.5390244 139.7655345 145.5400887 CEN
139.7655345 145.5400887 145.3431840 145.5799522 CEN
145.3431840 145.5799522 145.5497355 132.5806465 CEN
145.5497355 132.5806465 134.2037205 132.4941750 CEN
134.2037205 132.4941750 134.3692305 119.9948788 CEN
134.3692305 119.9948788 169.5826005 120.1863899 CEN
169.5826005 120.1863899 169.5728010 123.6863785 CEN
169.5728010 123.6863785 174.6125655 123.6938934 CEN
174.6125655 123.6938934 174.6097035 125.6938896 CEN
174.6097035 125.6938896 193.5206370 125.6746559 CEN
 59.4267375  30.1489220  59.5147995  28.1493797 CEP
 59.5147995  28.1493797  53.1881325  28.0856209 CEP
 53.1881325  28.0856209  53.4826185  22.5870438 CEP
 53.4826185  22.5870438  49.6659855  22.5509720 CEP
 49.6659855  22.5509720  50.4269595  14.5544739 CEP
 50.4269595  14.5544739  58.1266020  14.6291275 CEP
 58.1266020  14.6291275  59.3262000   9.6352234 CEP
 59.3262000   9.6352234  46.2941265   9.5132141 CEP
 46.2941265   9.5132141  51.2790300   3.5343781 CEP
 51.2790300   3.5343781  51.6686445   3.3693695 CEP
 51.6686445   3.3693695  16.4893335   3.1631088 CEP
 16.4893335   3.1631088  20.7390120   1.3361130 CEP
 20.7390120   1.3361130 335.2923270   1.3436279 CEP
335.2923270   1.3436279 224.1675285   2.4310837 CEP
224.1675285   2.4310837 229.5972495   3.9024582 CEP
 15.6959730  33.0820389  24.0890700  33.1174240 CEP
 24.0890700  33.1174240  24.0686985  34.3673744 CEP
 24.0686985  34.3673744  26.8623735  34.3821564 CEP
 26.8623735  34.3821564  26.8253235  36.6320572 CEP
 26.8253235  36.6320572  29.3607900  36.6467285 CEP
 29.3607900  36.6467285  29.3978115  34.5635109 CEP
 29.3978115  34.5635109  50.1686385  34.7246742 CEP
 50.1686385  34.7246742  50.3762055  28.6423035 CEP
 50.3762055  28.6423035  51.3391965  28.6513557 CEP
 51.3391965  28.6513557  51.2834070  30.0677605 CEP
 51.2834070  30.0677605  59.4267375  30.1489220 CEP
353.3986710  89.3074602 353.3962125  87.3074617 CET
353.3962125  87.3074617 328.3847340  87.4021194 CET
328.3847340  87.4021194 328.3347525  79.4856052 CET
309.0535890  79.6367931 309.1470165  89.5530275 CET
309.1470165  89.5530275 309.1633170  91.3029516 CET
309.1633170  91.3029516 318.6607785  91.2210265 CET
318.6607785  91.2210265 318.8512410 113.8536034 CET
318.8512410 113.8536034 333.5340015 113.7562580 CET
333.5340015 113.7562580 333.5411115 114.8729095 CET
333.5411115 114.8729095   0.8894355 114.8042011 CET
  0.8967015  96.3042021 353.4072975  96.3074551 CET
353.4072975  96.3074551 353.3986710  89.3074602 CET
248.3478855 172.7758865 150.8888910 173.1200714 CHA
152.2185660 165.6235962 190.1430270 165.6840134 CHA
224.7563130 165.4954681 245.7852960 165.2899170 CHA
245.7852960 165.2899170 248.3478855 172.7758865 CHA
155.3197140 154.6379395 155.2925205 155.6378784 CIR
155.2925205 155.6378784 152.7319770 155.6249542 CIR
152.7319770 155.6249542 152.5391295 160.6244431 CIR
135.8335590 160.5115433 135.9963660 158.0122070 CIR
135.9963660 158.0122070 133.4428740 157.9909286 CIR
133.4428740 157.9909286 133.6464645 154.0751266 CIR
133.6464645 154.0751266 129.8334210 154.0415649 CIR
129.8334210 154.0415649 129.9454305 151.4587479 CIR
129.9454305 151.4587479 127.4102355 151.4353065 CIR
127.4102355 151.4353065 127.4501325 150.4354935 CIR
127.4501325 150.4354935 127.6180890 145.4362831 CIR
127.6180890 145.4362831 131.9164890 145.4754944 CIR
131.9164890 145.4754944 139.7655345 145.5400887 CIR
283.7450625 117.0772038 267.0074340 117.2787991 COL
260.0961405 123.1128159 260.2910835 133.1116486 COL
260.2910835 133.1116486 269.0482230 133.0057793 COL
269.0482230 133.0057793 284.0255565 132.8255501 COL
180.3954645  76.6959515 180.3910590  61.6959534 COM
180.3910590  61.6959534 178.4043360  61.6960373 COM
178.4043360  61.6960373 178.4054940  56.6960373 COM
155.9710695  75.6395063 165.9409335  75.6774912 COM
165.9409335  75.6774912 165.9379725  76.6774874 COM
165.9379725  76.6774874 180.3954645  76.6959515 COM
 90.3745365 127.0174599  70.4036805 126.7785645 CRA
 70.4036805 126.7785645  70.2303600 135.2775650 CRA
 70.2303600 135.2775650  87.6909825 135.4859734 CRA
 90.1907160 135.5163460  90.3745365 127.0174599 CRA
122.6345730  50.3810921 113.9280510  50.2882805 CRB
113.9280510  50.2882805 113.7201975  63.2871284 CRB
113.7201975  63.2871284 116.2132935  63.3144760 CRB
116.2132935  63.3144760 116.1998175  64.3144054 CRB
116.1998175  64.3144054 118.1942655  64.3358593 CRB
118.1942655  64.3358593 130.9004835  64.4619427 CRB
165.8669475 101.6773882 180.9032400 101.6957970 CRV
180.9032400 101.6957970 180.9086895 115.1957951 CRV
180.9086895 115.1957951 169.5954750 115.1864014 CRV
169.5954750 115.1864014 169.6014975 112.6864090 CRV
169.6014975 112.6864090 165.8331300 112.6773415 CRV
165.8331300 112.6773415 165.8669475 101.6773882 CRV
197.1728610  96.6621790 197.1920865 101.6621428 CRT
197.1920865 101.6621428 197.2244595 109.6620827 CRT
197.2244595 109.6620827 195.9694140 109.6666222 CRT
195.9694140 109.6666222 195.9919170 115.1665821 CRT
195.9919170 115.1665821 180.9086895 115.1957951 CRT
180.9032400 101.6957970 180.9013935  96.6957974 CRT
180.9013935  96.6957974 185.6577015  96.6916924 CRT
185.6577015  96.6916924 197.1728610  96.6621790 CRT
180.9426360 154.6957855 165.5616195 154.6769638 CRU
 69.8673540  62.2675915  69.9047475  59.7678032 CYG
 69.9047475  59.7678032  68.4012225  59.7506847 CYG
 68.4012225  59.7506847  68.5073955  53.2512856 CYG
 68.5073955  53.2512856  67.8803445  53.2441978 CYG
 67.8803445  53.2441978  68.0164725  46.2449646 CYG
 68.0164725  46.2449646  71.5296930  46.2850609 CYG
 71.5296930  46.2850609  71.6244795  42.2856064 CYG
 71.6244795  42.2856064  72.8793525  42.3001328 CYG
 72.8793525  42.3001328  73.1235405  34.3015518 CYG
 73.1235405  34.3015518  68.0954070  34.2439957 CYG
 68.0954070  34.2439957  68.1904500  31.7445297 CYG
 68.1904500  31.7445297  62.8994460  31.6861267 CYG
 62.8994460  31.6861267  62.9607585  30.1864586 CYG
 62.9607585  30.1864586  59.4267375  30.1489220 CYG
 29.3607900  36.6467285  29.2373370  45.3963547 CYG
 29.2373370  45.3963547  30.1213935  45.4017487 CYG
 30.1213935  45.4017487  30.1183605  45.6517372 CYG
 30.1183605  45.6517372  30.6233595  45.6548805 CYG
 30.6233595  45.6548805  30.5389875  53.4046173 CYG
 30.5389875  53.4046173  32.6800350  53.4184532 CYG
 32.6800350  53.4184532  32.6048190  61.4182053 CYG
 32.6048190  61.4182053  37.3798365  61.4519463 CYG
 37.3798365  61.4519463  44.9160855  61.5128117 CYG
 44.9160855  61.5128117  44.9274165  60.5128613 CYG
 44.9274165  60.5128613  63.7490565  60.6989422 CYG
 63.7490565  60.6989422  63.7277985  62.1988258 CYG
 63.7277985  62.1988258  69.8673540  62.2675915 CYG
 56.4410025  73.8724842  54.8130510  73.8560371 DEL
 54.8130510  73.8560371  54.8659515  69.1063004 DEL
 54.8659515  69.1063004  50.1030630  69.0600529 DEL
 50.1030630  69.0600529  50.0923350  70.0600033 DEL
 50.0923350  70.0600033  42.8212170  69.9953594 DEL
 42.8212170  69.9953594  42.7516365  77.6617393 DEL
 42.7516365  77.6617393  45.3814035  77.6842356 DEL
 45.3814035  77.6842356  45.3289035  83.5173359 DEL
 45.3289035  83.5173359  45.9544950  83.5228386 DEL
 45.9544950  83.5228386  45.9189030  87.5226815 DEL
301.6812120 142.7968445 299.2021035 142.8228111 DOR
299.2021035 142.8228111 299.3070810 146.1555862 DOR
299.3070810 146.1555862 294.3495375 146.2093849 DOR
294.3495375 146.2093849 294.4454100 148.7088547 DOR
294.4454100 148.7088547 290.7254655 148.7506638 DOR
290.7254655 148.7506638 291.2059815 157.2479248 DOR
291.2059815 157.2479248 291.4184760 159.7467194 DOR
291.4184760 159.7467194 261.5455770 160.1041336 DOR
261.5455770 160.1041336 261.0627510 154.1070251 DOR
261.0627510 154.1070251 269.8263570 154.0010529 DOR
269.8263570 154.0010529 269.6549385 151.0020981 DOR
269.6549385 151.0020981 277.1423865 150.9112892 DOR
277.1423865 150.9112892 276.9811965 147.4122620 DOR
276.9811965 147.4122620 284.4522570 147.3230400 DOR
284.4522570 147.3230400 284.3229825 143.8238029 DOR
284.3229825 143.8238029 291.7822545 143.7376366 DOR
291.7822545 143.7376366 291.6377520 138.7384491 DOR
295.1176140 138.6996651 297.8500920 138.6699715 DOR
297.8500920 138.6699715 297.9013605 140.6697006 DOR
297.9013605 140.6697006 301.6228335 140.6304779 DOR
301.6228335 140.6304779 301.6812120 142.7968445 DOR
164.1793875  13.6710892 163.9025265  20.6706390 DRA
163.9025265  20.6706390 149.3491890  20.6008835 DRA
149.3491890  20.6008835 149.1794445  24.6003494 DRA
149.1794445  24.6003494 124.6704345  24.3976517 DRA
124.6704345  24.3976517 124.9493700  20.3990555 DRA
124.9493700  20.3990555 112.1589375  20.2616959 DRA
112.1589375  20.2616959 112.7792925  15.2652130 DRA
112.7792925  15.2652130  98.4633630  15.0966873 DRA
 98.4633630  15.0966873  99.7820955  10.1046524 DRA
 99.7820955  10.1046524  92.3439795  10.0142517 DRA
 92.3439795  10.0142517  98.2777695   4.0504303 DRA
 98.2777695   4.0504303  51.2790300   3.5343781 DRA
 72.8793525  42.3001328  85.6576245  42.4523964 DRA
 85.6576245  42.4523964  85.7423115  39.4529114 DRA
 85.7423115  39.4529114 104.2136475  39.6755562 DRA
104.2136475  39.6755562 104.2431735  38.6757317 DRA
104.2431735  38.6757317 122.8754145  38.8823204 DRA
142.7487510  35.0577621 142.9547460  27.5585175 DRA
142.9547460  27.5585175 156.4263585  27.6406021 DRA
156.4263585  27.6406021 156.4494615  26.6406555 DRA
156.4494615  26.6406555 178.4184405  26.6960373 DRA
178.4184405  26.6960373 178.4207445  24.1960373 DRA
178.4207445  24.1960373 188.1506535  24.1873932 DRA
188.1506535  24.1873932 188.0386305  17.1875000 DRA
188.0386305  17.1875000 219.3845265  17.0258636 DRA
 42.7516365  77.6617393  41.7497355  77.6534452 EQU
 41.7497355  77.6534452  41.7554850  76.9867992 EQU
 41.7554850  76.9867992  38.4988980  76.9609365 EQU
 38.4988980  76.9609365  38.4165285  87.4606204 EQU
304.6470945  89.5962743 289.1476395  89.7624986 ERI
289.1476395  89.7624986 288.3976860  89.7710838 ERI
288.3976860  89.7710838 288.4436415  93.7708201 ERI
288.4436415  93.7708201 282.1956045  93.8437285 ERI
282.1956045  93.8437285 282.2799690 100.8432293 ERI
282.2799690 100.8432293 284.7782490 100.8138046 ERI
284.7782490 100.8138046 284.8212855 104.3135529 ERI
284.8212855 104.3135529 286.0702020 104.2989721 ERI
286.0702020 104.2989721 286.2407040 117.0479794 ERI
294.9235875 129.7007294 300.8941155 129.6368256 ERI
300.8941155 129.6368256 300.9686355 133.6364403 ERI
300.9686355 133.6364403 307.6732275 133.5694046 ERI
307.6732275 133.5694046 307.7109975 135.5692215 ERI
307.7109975 135.5692215 313.9092285 135.5124779 ERI
313.9092285 135.5124779 313.9654860 138.5122337 ERI
313.9654860 138.5122337 318.9146910 138.4710045 ERI
318.9146910 138.4710045 318.9523065 140.4708595 ERI
318.9523065 140.4708595 322.6587900 140.4425697 ERI
322.6587900 140.4425697 322.7166540 143.4423561 ERI
322.7166540 143.4423561 326.4158565 143.4164696 ERI
326.4158565 143.4164696 326.5105755 147.9161568 ERI
326.5105755 147.9161568 338.7937710 147.8484154 ERI
338.7937710 147.8484154 338.7267375 142.8485603 ERI
338.7267375 142.8485603 335.0326455 142.8658562 ERI
335.0326455 142.8658562 335.0061525 140.8659210 ERI
335.0061525 140.8659210 331.3067430 140.8859215 ERI
331.3067430 140.8859215 331.2616770 137.5527229 ERI
331.2616770 137.5527229 323.8470525 137.6004944 ERI
323.8470525 137.6004944 323.7359865 129.4342155 ERI
323.7359865 129.4342155 313.8127395 129.5128975 ERI
313.8127395 129.5128975 313.8066780 129.0962563 ERI
313.8066780 129.0962563 306.3557160 129.1650963 ERI
306.3557160 129.1650963 306.3003945 125.5820351 ERI
306.3003945 125.5820351 302.5694880 125.6192436 ERI
302.5694880 125.6192436 302.4110985 114.0033779 ERI
302.4110985 114.0033779 318.8512410 113.8536034 ERI
309.1633170  91.3029516 304.6644180  91.3461887 ERI
304.6644180  91.3461887 304.6470945  89.5962743 ERI
323.7359865 129.4342155 333.6492720 129.3726234 FOR
333.6492720 129.3726234 333.5411115 114.8729095 FOR
263.6272365  78.0667028 263.5560825  72.5671349 GEM
263.5560825  72.5671349 264.9304245  72.5504932 GEM
264.9304245  72.5504932 264.8758725  68.5508232 GEM
264.8758725  68.5508232 269.8748445  68.4901276 GEM
269.8748445  68.4901276 269.8559625  67.1569138 GEM
269.8559625  67.1569138 269.7789285  61.9907093 GEM
247.4392815  54.7554703 241.7102910  54.8189468 GEM
241.7102910  54.8189468 241.7419200  56.8187714 GEM
241.7419200  56.8187714 238.0067685  56.8584862 GEM
253.2821205  80.1902246 254.2815405  80.1785126 GEM
254.2815405  80.1785126 254.2571850  78.1786547 GEM
254.2571850  78.1786547 263.6272365  78.0667028 GEM
 38.0719470 126.4592972  37.9576785 134.9588585 GRU
 37.9576785 134.9588585  37.8826335 139.4585724 GRU
 37.8826335 139.4585724  28.0011750 139.3911743 GRU
 28.0011750 139.3911743  27.8863050 146.3908348 GRU
 27.8863050 146.3908348   8.2314780 146.3126869 GRU
  8.2314780 146.3126869   8.3072955 129.3127594 GRU
  8.3072955 129.3127594   8.3166225 126.3127670 GRU
  8.3166225 126.3127670  13.2724860 126.3249741 GRU
 13.2724860 126.3249741  38.0719470 126.4592972 GRU
114.4414050  86.2966189 117.1903320  86.3264861 HER
117.1903320  86.3264861 117.3233700  74.3271999 HER
117.3233700  74.3271999 119.8189260  74.3536654 HER
119.8189260  74.3536654 119.8889925  68.3540325 HER
119.8889925  68.3540325 118.1434245  68.3355885 HER
118.1434245  68.3355885 118.1942655  64.3358593 HER
 85.6576245  42.4523964  86.5331265  42.4630127 HER
 86.5331265  42.4630127  86.1756135  59.9608440 HER
 86.1756135  59.9608440  83.2992270  59.9260235 HER
 83.2992270  59.9260235  83.2371135  63.9256496 HER
 83.2371135  63.9256496  75.7301325  63.8359032 HER
 75.7301325  63.8359032  75.7228380  64.3358593 HER
 75.7228380  64.3358593  75.6608670  68.7521648 HER
 75.6608670  68.7521648  75.6263640  71.3352909 HER
 78.6119550  77.8712263  84.7969155  77.9456692 HER
 84.7969155  77.9456692  84.8267265  75.6125212 HER
 84.8267265  75.6125212  99.8231220  75.7939653 HER
 99.8231220  75.7939653  99.8041530  77.2938519 HER
 99.8041530  77.2938519 107.2985175  77.3820620 HER
107.2985175  77.3820620 107.1940905  86.2147892 HER
107.1940905  86.2147892 114.4414050  86.2966189 HER
301.6812120 142.7968445 306.6349980 142.7470779 HOR
306.6349980 142.7470779 306.7631835 147.0797844 HOR
306.7631835 147.0797844 311.2088685 147.0377846 HOR
311.2088685 147.0377846 311.6373105 157.0358200 HOR
311.6373105 157.0358200 326.7976395 156.9151917 HOR
326.7976395 156.9151917 326.5105755 147.9161568 HOR
219.5957415  83.5299311 214.6015830  83.5672331 HYA
214.6015830  83.5672331 214.6510935  90.5670585 HYA
214.6510935  90.5670585 214.7297280 101.5667810 HYA
214.7297280 101.5667810 197.1920865 101.6621428 HYA
165.8331300 112.6773415 144.4869090 112.5727749 HYA
144.4869090 112.5727749 144.4663095 115.0727024 HYA
144.4663095 115.0727024 134.4234465 114.9951096 HYA
134.4234465 114.9951096 134.3692305 119.9948788 HYA
218.0956650 114.5425186 222.3632235 114.5086308 HYA
222.3632235 114.5086308 222.3150300 109.5088310 HYA
222.3150300 109.5088310 229.8364875 109.4423733 HYA
229.8364875 109.4423733 229.8156600 107.4424706 HYA
229.8156600 107.4424706 233.0729055 107.4112568 HYA
233.0729055 107.4112568 233.0102205 101.4115648 HYA
233.0102205 101.4115648 237.2658210 101.3687992 HYA
237.2658210 101.3687992 237.1509930  90.3693900 HYA
291.4184760 159.7467194 292.0425150 164.7431641 HYI
292.0425150 164.7431641 307.9242180 164.5741272 HYI
307.9242180 164.5741272 309.9083445 172.0644531 HYI
309.9083445 172.0644531 358.4666085 171.8039551 HYI
358.4666085 171.8039551 358.4337030 164.3039627 HYI
358.4337030 164.3039627 347.6675625 164.3185730 HYI
347.6675625 164.3185730 347.7045855 165.3185272 HYI
347.7045855 165.3185272 339.3459495 165.3472214 HYI
339.3459495 165.3472214 338.7937710 147.8484154 HYI
311.6373105 157.0358200 291.2059815 157.2479248 HYI
 36.8152425 164.4544678   8.0021670 164.3124619 IND
  8.0021670 164.3124619   8.1386085 156.8125992 IND
  8.1386085 156.8125992  27.6014325 156.8899918 IND
 27.6014325 156.8899918  27.8863050 146.3908348 IND
 37.9576785 134.9588585  52.8307050 135.0900002 IND
 52.8307050 135.0900002  52.5411990 146.5885773 IND
 52.5411990 146.5885773  52.4351985 149.5880547 IND
 52.4351985 149.5880547  37.6513485 149.4576836 IND
 37.6513485 149.4576836  36.8152425 164.4544678 IND
 15.5346960  54.8317642  16.2908070  54.8343849 LAC
 16.2908070  54.8343849  16.2934680  54.3343887 LAC
 16.2934680  54.3343887  28.6404420  54.3930664 LAC
 28.6404420  54.3930664  28.6495395  53.3930931 LAC
 28.6495395  53.3930931  30.5389875  53.4046173 LAC
197.1502875  90.6622211 197.1239805  83.6622701 LEO
197.1239805  83.6622701 214.6015830  83.5672331 LEO
219.3540150  57.0308838 209.9156145  57.0977211 LEO
209.9156145  57.0977211 209.9576565  62.0975914 LEO
209.9576565  62.0975914 200.7615990  62.1470833 LEO
200.7615990  62.1470833 200.7891225  67.1470222 LEO
200.7891225  67.1470222 197.0574615  67.1623955 LEO
197.0574615  67.1623955 197.0485065  65.1624107 LEO
197.0485065  65.1624107 193.3190625  65.1749554 LEO
193.3190625  65.1749554 193.3060020  61.6749744 LEO
193.3060020  61.6749744 180.3910590  61.6959534 LEO
180.3954645  76.6959515 180.3962655  79.6959515 LEO
180.3962655  79.6959515 185.6343120  79.6917086 LEO
185.6343120  79.6917086 185.6494755  90.6916979 LEO
185.6494755  90.6916979 185.6577015  96.6916924 LEO
197.1728610  96.6621790 197.1502875  90.6622211 LEO
219.3540150  57.0308838 219.2783685  50.7811813 LMI
219.2783685  50.7811813 214.3180275  50.8182335 LMI
214.3180275  50.8182335 214.2907620  48.5683250 LMI
214.2907620  48.5683250 205.6217760  48.6226387 LMI
205.6217760  48.6226387 205.6405875  50.6225891 LMI
205.6405875  50.6225891 196.4768310  50.6643867 LMI
196.4768310  50.6643867 196.5105915  56.6643219 LMI
196.5105915  56.6643219 193.2857745  56.6750069 LMI
193.2857745  56.6750069 193.3060020  61.6749744 LMI
266.7843750 101.0301533 271.0342095 100.9785318 LEP
271.0342095 100.9785318 282.2799690 100.8432293 LEP
132.1469880  90.4742887 138.3969075  90.5269387 LIB
138.3969075  90.5269387 138.3328920  98.5266848 LIB
138.3328920  98.5266848 144.5914935  98.5731344 LIB
144.5914935  98.5731344 144.4869090 112.5727749 LIB
134.3692305 119.9948788 123.0700200 119.8896160 LIB
123.0700200 119.8896160 123.1869360 110.3902016 LIB
123.1869360 110.3902016 119.4282240 110.3516178 LIB
119.4282240 110.3516178 119.5627215  98.3523235 LIB
119.5627215  98.3523235 119.6130465  93.6025870 LIB
119.6130465  93.6025870 132.1180485  93.7241600 LIB
132.1180485  93.7241600 132.1469880  90.4742887 LIB
131.9164890 145.4754944 131.9432835 144.4756165 LUP
131.9432835 144.4756165 127.6466280 144.4364166 LUP
127.6466280 144.4364166 127.7927535 138.4371071 LUP
127.7927535 138.4371071 122.7527190 138.3880234 LUP
122.7527190 138.3880234 122.8754145 132.3886375 LUP
122.8754145 132.3886375 117.8471940 132.3366776 LUP
117.8471940 132.3366776 118.0523010 119.8377628 LUP
118.0523010 119.8377628 123.0700200 119.8896160 LUP
237.8708985  30.3566017 231.2008665  30.4240112 LYN
231.2008665  30.4240112 231.5598960  43.4222717 LYN
231.5598960  43.4222717 220.4092890  43.5217209 LYN
220.4092890  43.5217209 220.4875095  48.5214043 LYN
220.4875095  48.5214043 214.2907620  48.5683250 LYN
 69.8673540  62.2675915  69.8386860  64.2674255 LYR
 69.8386860  64.2674255  75.7228380  64.3358593 LYR
250.9802910 175.2614441 311.7670800 174.5553818 MEN
311.7670800 174.5553818 309.9083445 172.0644531 MEN
261.5455770 160.1041336 262.2292905 165.1000366 MEN
262.2292905 165.1000366 245.7852960 165.2899170 MEN
248.3478855 172.7758865 250.9802910 175.2614441 MEN
 38.1683640 117.4596672  38.0719470 126.4592972 MIC
 52.8307050 135.0900002  53.1020445 117.5913391 MIC
264.7743195  90.0537102 264.6519690  80.0544519 MON
264.6519690  80.0544519 263.6523345  80.0665522 MON
263.6523345  80.0665522 263.6272365  78.0667028 MON
237.2658210 101.3687992 248.0266005 101.2521448 MON
271.0342095 100.9785318 270.9476280  93.9790573 MON
270.9476280  93.9790573 264.8228580  94.0534163 MON
264.8228580  94.0534163 264.7743195  90.0537102 MON
127.4501325 150.4354935 110.9653185 150.2644577 NOR
111.4293765 135.7670517 111.5052225 132.2674789 NOR
111.5052225 132.2674789 117.8471940 132.3366776 NOR
359.1993540 179.3039017 358.4666085 171.8039551 OCT
 85.8049395 164.9745178  36.8152425 164.4544678 OCT
  8.0021670 164.3124619 358.4336940 164.3039627 OCT
358.4336940 164.3039627 359.1993540 179.3039017 OCT
359.1993540 179.3039017 359.1993480 179.3038940 OCT
114.3973725  90.2963768 114.4414050  86.2966189 OPH
 78.5414310  83.6208057  84.7253895  83.6952367 OPH
 84.7253895  83.6952367  84.7039890  85.4451070 OPH
 84.7039890  85.4451070  82.0789440  85.4133825 OPH
 82.0789440  85.4133825  82.0607760  86.9132729 OPH
 82.0607760  86.9132729  84.6857640  86.9449966 OPH
 84.6857640  86.9449966  84.6494010  89.9447765 OPH
 84.6494010  89.9447765  90.8989620  90.0206471 OPH
 90.8989620  90.0206471  90.8502960  94.0203514 OPH
 90.8502960  94.0203514  88.8503265  93.9960551 OPH
 88.8503265  93.9960551  88.7762835  99.9956055 OPH
 88.7762835  99.9956055  93.2762430 100.0502338 OPH
 93.2762430 100.0502338  93.2553000 101.7167768 OPH
 93.2553000 101.7167768  94.5055965 101.7319136 OPH
 94.5055965 101.7319136  94.5265095 100.0653696 OPH
 94.5265095 100.0653696 100.7779305 100.1404381 OPH
100.7779305 100.1404381 100.7025720 106.1399899 OPH
100.7025720 106.1399899  94.1998095 106.0618820 OPH
 94.1998095 106.0618820  93.9981645 120.0606632 OPH
 93.9981645 120.0606632 106.7646510 120.2123089 OPH
106.7646510 120.2123089 106.8443295 114.7960968 OPH
106.8443295 114.7960968 114.1085535 114.8781185 OPH
114.1085535 114.8781185 114.1770165 109.5451660 OPH
114.1770165 109.5451660 112.5493245 109.5271549 OPH
112.5493245 109.5271549 112.5617700 108.5272255 OPH
112.5617700 108.5272255 114.1893195 108.5452347 OPH
114.1893195 108.5452347 114.3087960  98.2958899 OPH
114.3087960  98.2958899 119.5627215  98.3523235 OPH
119.6130465  93.6025870 114.3616110  93.5461800 OPH
114.3616110  93.5461800 114.3973725  90.2963768 OPH
289.1476395  89.7624986 288.9659715  74.2635365 ORI
288.9659715  74.2635365 283.7110740  74.3244648 ORI
283.7110740  74.3244648 283.7047215  73.8245010 ORI
283.7047215  73.8245010 278.2012875  73.8898945 ORI
278.2012875  73.8898945 278.2077675  74.3898554 ORI
278.2077675  74.3898554 274.2063540  74.4380798 ORI
274.2063540  74.4380798 274.2449430  77.4378452 ORI
274.2449430  77.4378452 271.7446305  77.4681492 ORI
271.7446305  77.4681492 271.6728330  71.9685841 ORI
271.6728330  71.9685841 272.6730180  71.9564514 ORI
272.6730180  71.9564514 272.6062065  67.1235275 ORI
272.6062065  67.1235275 269.8559625  67.1569138 ORI
 52.5411990 146.5885773  87.3277470 146.9837723 PAV
 42.8212170  69.9953594  39.8115915  69.9709187 PEG
 39.8115915  69.9709187  39.8482995  65.9710636 PEG
 39.8482995  65.9710636  37.3379805  65.9517899 PEG
 37.3379805  65.9517899  37.3798365  61.4519463 PEG
356.2600785  68.3048077 356.2658820  76.8048058 PEG
356.2658820  76.8048058 358.3968255  76.8039646 PEG
358.3968255  76.8039646 358.3972695  79.3039646 PEG
358.3972695  79.3039646   0.9028815  79.3042030 PEG
  0.9028815  79.3042030   0.9019665  81.8042030 PEG
  0.9019665  81.8042030  17.1785835  81.8378315 PEG
 17.1785835  81.8378315  17.1577830  87.3377929 PEG
317.3716200  58.8134975 317.3335320  55.4803238 PER
317.3335320  55.4803238 319.5976170  55.4624863 PER
319.5976170  55.4624863 319.5653415  52.7126122 PER
319.5653415  52.7126122 320.3206590  52.7068443 PER
290.5130625  59.0781250 307.5733320  58.8996391 PER
  8.2314780 146.3126869   8.2216065 147.8126793 PHE
  8.2216065 147.8126793 338.7937710 147.8484154 PHE
333.6492720 129.3726234   8.3072955 129.3127594 PHE
261.0627510 154.1070251 257.2966860 154.1518784 PIC
269.2510980 140.7545471 269.0482230 133.0057793 PIC
337.1025735  56.3546295 337.1335800  61.3545609 PSC
337.1335800  61.3545609 333.2352900  61.3737183 PSC
333.2352900  61.3737183 333.2553255  64.3736649 PSC
 13.2724860 126.3249741  13.3190340 114.8250446 PSA
239.1383025 141.1025848 238.9617210 133.3535042 PUP
238.9617210 133.3535042 233.4276870 133.4095192 PUP
233.4276870 133.4095192 233.3222010 127.1600380 PUP
233.3222010 127.1600380 233.0729055 107.4112568 PUP
218.2284015 127.2920151 233.3222010 127.1600380 PYX
 75.6608670  68.7521648  69.9036885  68.6851845 SGE
 69.9036885  68.6851845  69.8787120  70.6017017 SGE
 69.8787120  70.6017017  61.1143110  70.5044613 SGE
 61.1143110  70.5044613  61.1397450  68.4212666 SGE
 61.1397450  68.4212666  54.8745915  68.3563442 SGE
 54.8745915  68.3563442  54.8659515  69.1063004 SGE
 75.2559465 101.8664360  75.2062800 105.8328123 SGR
 75.2062800 105.8328123  84.4504740 105.9435720 SGR
 84.4504740 105.9435720  94.1998095 106.0618820 SGR
 93.9981645 120.0606632  90.4971885 120.0182076 SGR
 90.4971885 120.0182076  90.3745365 127.0174599 SGR
 70.2303600 135.2775650  52.8307050 135.0900002 SGR
 79.6018125  93.8842230  84.6008775  93.9444826 SCT
 84.6008775  93.9444826  84.4504740 105.9435720 SCT
132.1469880  90.4742887 132.2185140  82.4746070 SER1
  8.0021670 164.3124619 358.4337030 164.3039627 TUC
 20.7390120   1.3361130 224.1675285   2.4310837 UMI