And 16 9640 5447 5447 4436 4436 3881 3881 5434 5434 7607 5447 3092 3092 2912 2912 5447 2912 116631 116631 116805 116805 116584 116631 113726 3092 677 3092 3031 3031 3693 3693 4463
Ant 2  53502 51172 51172 46515
Aps 3  72370 81065 81065 81852 81852 80047
Aqr 17 115438 115033 115033 114341 115033 114724 114724 112961 112961 112716 112716 113136 113136 115033 112961 110003 110003 109074 109074 110672 110672 110960 110395 110960 110395 109074 111497 110960 109074 106278 106278 102618 106278 109139
Aql 12 98036 97649 97649 97278 97278 95501 95501 93747 93747 93244 93747 93805 93805 93429 93805 95501 99473 97804 97804 95501 99473 96468 96468 93805
Ara 7  88714 85792 85792 83153 83153 83081 83081 82363 82363 85727 85727 85267 85258 85792
Ari 3  13209 9884 9884 8903 8903 8832
Aur 11 25428 28380 28380 28360 28360 28358 28358 24608 24608 28360 24608 23416 23416 23453 23453 23767 23767 24608 23767 23015 23015 25428
Boo 13 69673 72105 72105 74666 74666 73555 73555 71075 71075 71053 71053 69673 69673 71795 69673 67927 67927 67275 71075 69732 69732 69483 69483 70497 70497 69732
Cae 3  21060 21770 21770 21861 21861 23595
Cam 7  16228 17884 17884 17959 17959 22783 22783 23522 23522 23040 22783 29997 29997 33694
Cnc 4  44066 42911 42911 40526 42911 42806 42806 43103
CVn 1  63121 61317
CMa 11 33160 34045 34045 33347 33347 33160 33347 32349 32349 30324 30324 31592 31592 33152 33152 33579 33579 34444 34444 32349 34444 35904
CMi 1  37279 36188
Cap 9  104139 100064 100064 100325 100345 102485 102485 102978 102978 105881 105881 106723 106723 107556 107556 106985 106985 104139
Car 14 45238 50099 50099 52370 52370 54301 54301 54751 54751 54463 54463 53253 53253 51576 51576 52370 51576 50371 50371 45556 45556 41037 41037 38827 45556 42913 45238 30438
Cas 4  8886 6686 6686 4427 4427 3179 3179 746
Cen 23 71681 68702 68702 66657 66657 68002 68002 67472 67472 67464 67464 68933 68933 70090 70090 68862 68862 68245 68245 68282 68282 68002 68245 71352 71352 73334 67464 65936 65936 65109 65109 61789 68002 61932 61932 66657 61932 60823 60823 59449 59449 56243 60823 59173 59173 56480
Cep 11 105199 107259 107259 109857 109857 109492 109492 110991 110991 112724 112724 116727 116727 106032 106032 105199 105199 102422 102422 101093 112724 106032
Cet 14 1562 3419 3419 8102 8102 8645 8645 6537 6537 5364 5364 1562 8645 10826 10826 12387 12387 12706 12706 14135 14135 13954 13954 12828 12828 11484 11484 12706
Cha 5  51839 58484 58484 60000 60000 52633 52633 51839 51839 40702
Cir 2  75323 71908 71908 74824
Col 5  30277 28199 28199 27628 27628 26634 26634 25859 27628 28328
Com 2  60742 64394 64394 64241
CrA 4  90982 94005 94005 94160 94160 94114 94114 93825
CrB 6  78493 78159 78159 77512 77512 76952 76952 76267 76267 75695 75695 76127
Crv 5  59316 61359 61359 60965 60965 59803 59803 59316 59316 59199
Crt 8  58188 57283 57283 55705 55705 54682 54682 53740 53740 55282 55282 55687 55687 56633 55282 55705
Cru 2  60718 61084 62434 59747
Cyg 11 95853 99848 99848 102098 102098 103413 103413 104732 104732 102488 102488 100453 100453 97165 97165 95853 95853 94779 102098 100453 95947 100453
Del 5  101421 101769 101769 101958 101958 102532 102531 102281 102281 101769
Dor 7  27100 27890 27890 26069 26069 27100 26069 23693 23693 21281 21281 26069 21281 19893
Dra 14 87585 85819 85819 85670 85670 87833 87833 87585 87585 94376 94376 89908 89908 83895 83895 78527 78527 75458 75458 68756 68756 61281 61281 56211 89908 89937 94376 97433
Equ 2  104987 104858 104858 104521
Eri 29 23875 22109 22109 21444 21444 19587 19587 18543 18543 17593 17593 17378 17378 16537 16537 13701 13701 12770 12770 12843 12843 14146 14146 15474 15474 16611 16611 17651 17651 18216 18216 18673 18673 21248 21248 21393 21393 20535 20535 20042 20042 17874 17874 16870 16870 15510 15510 13847 13847 12486 12486 12413 12413 11407 11407 9007 9007 7588
For 2  9677 13147 13147 14879
Gem 16 37740 36962 36962 36046 36046 34693 34693 33018 37826 36962 36962 35550 35550 35350 35350 32362 35550 34088 34088 31681 36850 34693 34693 32246 32246 30883 32246 30343 30343 29655 29655 28734
Gru 7  113638 112623 112623 112122 112122 109268 109268 110997 110997 112122 110997 109111 109111 108085
Her 22 80170 80816 80816 81693 81693 83207 83207 84379 84379 84345 84345 80816 84379 85693 85693 86974 86974 87933 87933 88794 81693 81833 81833 84380 84380 83207 81833 81126 81126 79992 79992 79101 79101 77760 84380 85112 85112 87808 87808 86414 80170 80463 80463 81008
Hor 5  19747 12653 12653 12225 12225 12484 12484 14240 14240 13884
Hya 19 72571 68895 68895 64962 64962 57936 57936 56343 56343 54682 53740 52943 52943 51069 51069 49841 49841 48356 48356 46390 46390 47431 47431 45336 45336 43813 43813 43234 43234 42799 42799 42402 42402 42313 42313 43109 43109 43234
Hyi 3  9236 17678 17678 2021 2021 9236
Ind 4  101772 103227 103227 108431 108431 105319 105319 101772
Lac 10 109937 109754 109754 111104 111104 110351 110351 111022 111022 110609 110609 110538 110538 111169 111169 111022 111022 111944 111944 111104
Leo 16 50583 50335 50335 48455 48455 46146 46146 46750 46750 47908 47908 49583 49583 54879 54879 57632 57632 54872 54872 50583 47908 48455 49583 49669 54879 55642 55642 55434 54872 54879 49583 50583
LMi 5  51056 53229 53229 51233 51233 49593 49593 51056 49593 46952
Lep 12 25606 27072 27072 27654 27654 28910 28910 28103 28103 27288 27288 25985 25985 24305 24305 23685 23685 25606 25606 25985 24305 24845 24305 24327
Lib 6  72622 74785 74785 76333 76333 72622 72622 73714 76333 76470 76470 76600
Lup 10 71860 74395 74395 78384 78384 77634 77634 75177 75177 78384 78384 76297 76297 75264 75264 74395 76297 75141 75141 73273
Lyn 7  45860 45688 45688 44700 44700 44248 44248 41075 41075 36145 36145 33449 33449 30060
Lyr 7  91262 91973 91973 92420 92420 93194 93194 92791 92791 91973 91973 91926 91926 91262
Men
Mic
Mon 9  37447 39863 39863 34769 34769 32578 32578 30419 30419 31216 31216 32578 31216 31978 34769 30867 30867 29651
Mus 6  61585 61199 61199 63688 63688 62322 62322 61585 61585 59929 59929 57363
Nor 4  80000 80582 80582 78914 78914 78639 78639 80000
Oct 3  70638 112405 112405 107089 107089 70638
Oph 18 88048 87108 87108 86742 86742 86032 86032 83000 83000 80883 80883 79593 79593 79882 79882 80628 80628 81377 81377 84012 84012 86742 83000 81377 81377 80894 80894 80569 80569 80343 80343 80473 85423 84970 84970 84012
Ori 24 28614 29426 29426 28716 28716 27913 27913 29038 29038 29426 28614 27989 27989 26207 26207 25336 25336 25930 25930 25281 25281 24436 27989 26727 26727 27366 26727 26311 26311 25930 27989 25336 25336 22449 23607 22957 22957 22845 22845 22509 22509 22449 22449 22549 22549 22797 22797 23123
Pav 12 105858 100751 100751 99240 99240 102395 102395 105858 99240 92609 92609 90098 90098 88866 88866 93015 93015 99240 99240 98495 99240 91792 88866 86929
Peg 12 107315 109427 109427 112029 112029 113963 113963 1067 1067 677 677 113881 113881 113963 113881 112158 112158 109410 113881 112440 112440 109176 109176 107354
Per 21 19167 20070 20070 19812 19812 19343 19343 17358 17358 15863 15863 14632 14632 14668 14668 14576 14576 18532 18532 17358 15863 14328 14328 13268 13268 13531 13531 14632 14328 13531 14632 12777 12777 8068 14576 14354 18532 18614 18614 18246 18246 17448
Phe 7  765 2081 2081 5165 5165 6867 6867 7083 7083 5348 5348 5165 5165 765
Pic 2  32607 27530 27530 27321
Psc 16 116771 116928 116928 115738 115738 114971 114971 115830 115830 116771 116771 118268 118268 3786 3786 4906 4906 7884 7884 9487 9487 8198 8198 7097 7097 5742 5742 5586 5586 6193 6193 5742
PsA 9  107608 107380 107380 109285 109285 111188 111188 112948 112948 113246 113246 113368 113368 111954 111954 109285 109285 107608
Pup 10 39953 39429 39429 39757 39757 38170 38170 37229 37229 36917 36917 35264 35264 31685 31685 30438 38170 37677 37677 36917
Pyx 3  43409 42828 42828 42515 42515 39429
Ret 4  19780 19921 19921 18597 18597 17440 17440 19780
Sge 3  98337 97365 97365 96757 97365 96837
Sgr 17 89642 90185 90185 88635 88635 89931 89931 90496 90496 92041 92041 92855 92855 93864 93864 93506 93506 90185 90185 89931 89931 92041 92041 93506 90496 89341 93085 93683 93683 94141 94141 95168 93085 94141
Sco 16 87261 85696 85696 86670 86670 87073 87073 86228 86228 84143 84143 82729 82729 82514 82514 82396 82396 81266 81266 80763 80763 80112 80112 78401 78401 78265 78265 78104 78401 78820 78820 79374
Scl 3  4577 117452 117452 115102 116231 115102
Sct 4  91117 92175 92175 91726 91726 90595 90595 91117
Ser 9  79593 77516 77516 77622 77622 77070 77070 76276 76276 77233 77233 78072 78072 77450 77450 76852 76852 77233
Ser 4  92951 89962 89962 88048 88048 86263 86263 84012
Sex 3  51362 51437 51437 49641 49641 48437
Tau 11 25428 20889 20889 20455 20455 20205 20205 20894 20894 21421 21421 26451 20205 18724 18724 16083 16083 18907 16083 15900 15900 16852
Tel 2  89112 90422 90422 90568
Tri 3  8796 10064 10064 10670 10670 8796
TrA 3  74946 77952 77952 82273 82273 74946
Tuc 6  110838 110130 110130 114996 114996 2487 2487 1599 1599 118322 118322 110838
UMa 21 67301 65378 65378 62956 62956 59774 59774 54061 54061 53910 53910 58001 58001 59774 54061 46733 46733 41704 41704 48319 48319 53910 46733 48319 48319 46853 46853 44471 44471 44127 58001 57399 57399 54539 54539 50801 50801 50372 57399 55219 55219 55203
UMi 7  11767 85822 85822 82080 82080 77055 77055 72607 72607 75097 75097 79822 79822 77055
Vel 9  38827 39953 39953 44816 44816 46651 46651 50191 50191 52727 52727 48774 48774 45941 45941 42913 42913 39953
Vir 14 60129 57757 57757 57380 57380 58948 58948 60129 60129 61941 61941 66249 66249 68520 68520 72220 66249 69701 69701 71957 63608 63090 63090 61941 61941 64238 64238 65474
Vol 6  44382 39794 39794 34481 34481 35228 35228 39794 39794 41312 41312 44382
Vul 1  95771 97886